,OutDeg_RedConfltAgu,Indeg_RedConfltAgu,Degree_RedConfliAgu,Degree_RedeIrmonsPr,OutDeg_PaiTiopaterC,Indeg_PaiTiopaterC,OutDeg_TiosMaternos,Indeg_TiosMaternos,Degree_IntimAmigUnd,OutDeg_IntimAmigos_,Indeg_IntimAmigos_,OutDeg_RedeRisk_Cen,Indeg_RedeRisk_Cen,OutDeg_RedeConfianc,Indeg_RedeConfianc,Degree_RedeConflitA,Degree_RedeConflitG,OutDeg_VendaParcela,Indeg_VendaParcela,OutDeg_EmprestParce,Indeg_EmprestParce,PC1_Distance_Pro,PC2_Distance_Pro,Avg_Distancia_Dist_moranza,Degree_RedeTotFamil,1_VarExp_Moranca,2_VarExp_Atri_Tabanca,3_VarExp_Atri_Fanado,4_VarExp_Atri_CargosWM,5_VarExp_Atri_Idade,6_VarExp_Atri_ClassIdade,7_VarExp_Atri_IndForcaFugon,8_VarExp_Atri_IndInvestDiq,9_VarExp_Atri_IndMelhorTecnDiqCint,10_VarExp_Atri_MelhorTecnTubos,Area_bolanha,Degree_Rede_EntreajudaLabur,OutDeg_Var.Dep_RedeControlExtAusencia,OutDeg_Var.Dep_ApoioSpecDiqCint,OutDeg_Var.Dep_ApoioSpecTubos,OutDeg_Var.Dep_RedApoiLevntDiCin,OutDeg_RedCont_DiqPriqDiqCint,OutDeg_RedeRepar_DiqPriqDiqCint,OutDeg_Red-Val_Cont1Rep2DiqCin,OutDeg_Red-Val_Cont1Rep2DiqPrq,OutDeg_ContRep2_DiqPrqCin,OutDeg_Var.Dep_RedePartilhaAgu
OutDeg_RedConfltAgu,1.0,0.9853842055683342,0.9785667168573924,0.13733038858047714,0.016178887285254375,-0.06503602451475077,0.12750552637818607,0.014766409041501163,0.21246176455565635,0.22090337594902273,0.15136780458875518,0.11091522494267142,-0.00450218602619673,-0.015544164120998197,0.24047792293509201,0.3704810391060596,0.24638592205396298,0.2253624327614775,-0.12840433561512254,-0.06342102766349259,0.1741756753282421,-0.27518424221491145,-0.1015617175693351,-0.10554765849732307,0.1093168174137697,0.05695160640818438,0.18955112600586804,-0.09776727618048839,0.1468307746128428,-0.046585946242759455,-0.02462290262335081,0.069132672586258,0.12316292477916273,0.1963339945675589,0.1651633407985522,0.21051877855059806,0.023779225235225392,0.15100228421377462,0.1794635925224781,0.18557201334396398,0.14379971034853553,0.22324088791064584,0.20817338939952007,0.17167834985371716,0.2508804444201727,0.22540173368140407,0.40559249839640454
Indeg_RedConfltAgu,0.9853842055683342,1.0,0.9784331842133831,0.13325364134496182,0.015698605865419747,-0.06310538530306568,0.12372043694861254,0.01432805801183703,0.20307917831530922,0.20125150199493436,0.1583087409256392,0.1264283452854612,0.0035131579445297698,-0.023967069697366915,0.2447582720756842,0.42090466204036975,0.27330071002068457,0.25828028294604755,-0.12459256441387542,-0.06153833074642114,0.22836979133219154,-0.26360894603987783,-0.09743590730221686,-0.11935372173579477,0.1060716723457809,0.0502802330082161,0.2151223529028442,-0.0948649872041552,0.1747723326983251,-0.037825909535998924,-0.023891954788441843,0.06708042155308881,0.1351340881089301,0.21078871637306995,0.16026035319348614,0.2239443201783965,0.05109647016871762,0.14651967733347554,0.1831383185969447,0.18006318022837367,0.15790711721739822,0.23457409643264504,0.2134222051886067,0.18456444741599806,0.2596254820606899,0.23336105422517298,0.40763884108797943
Degree_RedConfliAgu,0.9785667168573924,0.9784331842133831,1.0,0.11554998855067242,0.02020776536488119,-0.05836959906873524,0.10820998074812996,0.012322588467439173,0.18492886028147718,0.18276092790846907,0.14995378531924908,0.13318524071231333,0.002537249083758549,-0.03350308360149412,0.23780219813307196,0.2965896585046668,0.20621016260510255,0.2613840749858711,-0.12532890369851987,-0.05601457826962011,0.21533406618998263,-0.25551659189431686,-0.08290275439650469,-0.11438201300436036,0.0922924280438132,0.06983288150141848,0.18902769761261348,-0.10702932020613184,0.1448295261251616,-0.046289991134677085,-0.007826035670759832,0.010122792955214352,0.11768249928957851,0.19652919440513442,0.154173898982184,0.21226134578895955,0.03926028409774388,0.1554615469410302,0.17746600527059558,0.1751603329434338,0.13521386408008607,0.23030482159576532,0.2141734585166489,0.18524364322712933,0.25649635803348114,0.23154540250597463,0.3812407096351546
Degree_RedeIrmonsPr,0.13733038858047714,0.13325364134496182,0.11554998855067242,1.0,0.08374808163771406,-0.0683854296741611,0.5891058162404189,0.11288718381144254,-0.0669294200253833,-0.05827738787241576,0.055420272111366006,-0.045488826577614876,0.05721249452798042,0.2520404979335694,0.33654074685568386,0.04260766785501349,0.1878663367646061,0.0384480376898046,0.03429939486959155,0.07082645987715105,0.022770147047463638,-0.18840176800345027,0.05865677673784077,-0.14014525340615075,0.811783357330951,-0.285034974661451,0.326003518765383,-0.25321175247003147,0.18377689218772508,-0.07325914120057535,-0.06558286374337083,0.0025490415059272894,0.08254007844296186,0.31476152096649324,0.3138679551647618,0.10182966226713472,-0.09872136101709485,0.21908593612286917,0.2714475167405215,0.2883250993337214,0.15813859812924666,0.3839191812297454,0.34118449372880233,0.16825277403931752,0.37986189141626137,0.36437285650559886,0.2394564540984758
OutDeg_PaiTiopaterC,0.016178887285254375,0.015698605865419747,0.02020776536488119,0.08374808163771406,1.0,-0.13209671475381662,0.13328477932821725,-0.055385095025547816,-0.03102482742607966,-0.17311437327822998,0.1285489972615486,0.17827821139687475,0.14257177591368647,-0.08836279750850796,0.17101523435820323,-0.07962761628695031,0.2620882825865385,0.049422529754479076,0.04182670284410088,0.06280344294559359,0.028860353539421957,-0.034282907698905234,0.04162283234160952,-0.09800353803943881,0.23277216921661598,-0.16526050777863655,0.14503557687531962,0.21690335788420007,0.08571184146700424,0.22597681961444724,0.12256496006603183,0.0997655116686274,0.27207804080267667,0.15473675569130302,0.11487568914311339,0.18754610160649104,0.01763764899491277,0.1355244401603498,0.12916658437153836,0.10299894967595888,0.10013146205290421,0.17578116595739326,0.16197435406471672,0.146578510304243,0.18426532204966775,0.16704691661554671,0.2105844020936674
Indeg_PaiTiopaterC,-0.06503602451475077,-0.06310538530306568,-0.05836959906873524,-0.0683854296741611,-0.13209671475381662,1.0,-0.08467160803889041,-0.06803908556437838,0.03088057442834661,0.1288937348728762,-0.06354033351048517,0.09334855374975355,-0.06624586216914827,0.050400528481515654,-0.06100457610579839,-0.02244566936215097,0.02025182881308064,-0.10573022209394203,0.14728942756179825,0.028458553599066867,-0.041838389033100956,-0.06251330653428722,0.0020397787892507675,-0.09588369850754301,0.11884892654445774,-0.132653295870221,0.13626838340444988,-0.1243504821438245,-0.07138431173386117,-0.18184920782452807,-0.10693730530586916,-0.012089777584468496,-0.09953096653793912,-0.06437439451682574,-0.06769813102789014,0.006187352483461682,-0.06872393988661483,-0.047109897502975354,-0.09336589850234489,-0.05635089218878127,-0.04460895098469859,-0.0214610450884548,-0.05184060922375895,-0.06246005955282781,-0.03691304531489353,-0.036768634055244054,0.03333790249426119
OutDeg_TiosMaternos,0.12750552637818607,0.12372043694861254,0.10820998074812996,0.5891058162404189,0.13328477932821725,-0.08467160803889041,1.0,0.19507183754661897,-0.005711241510172724,0.03678195798125623,0.03401268533372661,-0.07042841883314549,0.027048318740629858,0.19331561837650646,0.35997495500272864,0.01629431826411609,0.09408911037094866,0.044801914450852846,-0.08284422723265246,0.020096153846153975,-0.07974839624890212,-0.1457876475916592,0.022465715328373555,-0.06227561386032755,0.7049972606853862,-0.22121548732662566,0.1302220809206786,-0.17416444008708287,0.26946263977752977,-0.06603059334069375,0.0024547020291005406,0.04709586833725365,0.1437771302180019,0.3100968586949942,0.3483316565217833,0.08029825718609987,0.11753430209810768,0.14810931527115426,0.2959465719803892,0.3140484622103414,0.10501900644334664,0.3613335465962565,0.3462758275564537,0.15478781547621637,0.3653457130095258,0.35696864924803284,0.10360216945924222
Indeg_TiosMaternos,0.014766409041501163,0.01432805801183703,0.012322588467439173,0.11288718381144254,-0.055385095025547816,-0.06803908556437838,0.19507183754661897,1.0,0.03962228307943448,0.007465482237571829,0.08161108904817102,-0.03617251929209107,-0.03621569145749194,0.12919059757997794,0.17492131607443745,0.03133876107101358,-0.041279511600317474,-0.039200642994570524,-0.08776817417392956,-0.09798038625126372,0.031192762240832384,-0.04737134155132374,0.12986240761286358,-0.013947957634740257,0.547000437422566,-0.062395029223872356,0.014380513549823991,-0.13031364768755757,0.065921579364849,-0.1549953202527256,-0.11187801929414017,0.14509268475753484,0.02124740361571732,0.07816392556488706,0.3071922319985749,-0.023229417988051275,-0.14473899066825033,0.16834719709669466,0.18903245814399108,0.3278274623390858,0.05393848249820956,0.12177554030876224,0.08239792452060664,0.03780554833305859,0.09142797498374435,0.10298480368734664,-0.02580906854095449
Degree_IntimAmigUnd,0.21246176455565635,0.20307917831530922,0.18492886028147718,-0.0669294200253833,-0.03102482742607966,0.03088057442834661,-0.005711241510172724,0.03962228307943448,1.0,0.7387579657211364,0.7168087605586128,0.21484590386050362,0.17843109055655612,0.16396024931750577,0.37126498495298954,-0.01462106952110384,-0.09331138241808676,0.13576947935912237,0.10659497820924435,0.13984729971413756,0.0781341701986114,-0.13903109540689879,0.037140701200935586,-0.05906673390463389,-0.026021546769885388,-0.022509786314379505,0.17068354145218556,0.008515509575635407,0.0915296596700861,-0.012090740567627862,0.010574333786701147,0.32931414279303267,0.2535205898917201,0.31216062271930134,0.1839479756165172,0.31157170937592216,0.022600276974840888,0.47233620321192704,0.29974104993285333,0.1924158221513725,0.2812468329664262,0.3120169364984897,0.3080326443031336,0.300083919657494,0.3041491767852483,0.32255699805826,0.13674807258983754
OutDeg_IntimAmigos_,0.22090337594902273,0.20125150199493436,0.18276092790846907,-0.05827738787241576,-0.17311437327822998,0.1288937348728762,0.03678195798125623,0.007465482237571829,0.7387579657211364,1.0,0.12408849203685139,0.007647697527907646,-0.04652383567060256,0.1872379772382942,0.1881561649467855,0.05571251474480416,-0.013939635795334152,0.06906660413909715,0.02279184961126309,0.12259010242111891,-0.008379212302747796,-0.08409006887655254,-0.0594560133555237,0.02398635574864322,-0.03059716161009422,0.0053619717461398245,-0.0066053510679455535,-0.026192859243575756,-0.01778809503974217,-0.12819692046995465,-0.02366990794172781,0.10506549203671307,0.05113049227906948,0.06281080483106703,0.12176857415362116,0.0730681635720284,0.07073434037878176,0.2291653022526523,0.0893272544119579,0.14636715491618316,0.04764453496516971,0.13676161401452172,0.10125661228004126,0.06223156776157099,0.11149266301680102,0.11874390515552637,0.136834379280564
Indeg_IntimAmigos_,0.15136780458875518,0.1583087409256392,0.14995378531924908,0.055420272111366006,0.1285489972615486,-0.06354033351048517,0.03401268533372661,0.08161108904817102,0.7168087605586128,0.12408849203685139,1.0,0.33569051437030323,0.3276079813731153,0.08762211695612745,0.4721047144004496,-0.08042215679145705,-0.04979723976466428,0.19961469218876535,0.15194893128130527,0.10006312588502767,0.17614946365539147,-0.1689650916847041,0.10448308111654189,-0.1767703408617636,0.08812198902879732,-0.04406160486456588,0.34012654129228337,0.001192204971859054,0.2265380265449071,0.08823442145420131,0.04985903062153466,0.3526738968907252,0.29337765967858087,0.45478795477927764,0.2279771831563807,0.458251376063949,-0.03559998146803046,0.5289810467941578,0.4060705359870011,0.22497277471106503,0.3855299310383397,0.41365668623568663,0.43132279721050587,0.43255776057508954,0.4144913826966819,0.4452556797740093,0.09427078758873701
OutDeg_RedeRisk_Cen,0.11091522494267142,0.1264283452854612,0.13318524071231333,-0.045488826577614876,0.17827821139687475,0.09334855374975355,-0.07042841883314549,-0.03617251929209107,0.21484590386050362,0.007647697527907646,0.33569051437030323,1.0,0.5366632249960692,0.06682856532306801,0.3199011207392199,-0.040261914946662085,-0.07302717614016818,-0.0005330806968601109,0.28945357953905687,0.18562956873459635,0.18080754469728152,-0.2568755025976358,0.27149218198017655,-0.0018665438052438564,-0.0018979674374405271,0.08410298490279285,0.3882861042852066,0.028213365340846633,0.03993062833483383,0.14783704372285544,0.0984486414155169,0.1765530550832038,0.2313214326993796,0.30556808053812257,0.045125042122497704,0.5712222015791832,-0.013120854653241887,0.34023500394927647,0.22795382951175783,0.028276542654127865,0.4183904536518252,0.34737724155474314,0.3049275624175298,0.4579479992713461,0.30681804624531295,0.32796106336928327,0.11529963280715011
Indeg_RedeRisk_Cen,-0.00450218602619673,0.0035131579445297698,0.002537249083758549,0.05721249452798042,0.14257177591368647,-0.06624586216914827,0.027048318740629858,-0.03621569145749194,0.17843109055655612,-0.04652383567060256,0.3276079813731153,0.5366632249960692,1.0,0.056017254389687,0.3532928631379758,-0.050301904279865965,-0.07043794126690531,0.07640974459621079,0.15739839292925556,0.10509695426457835,0.16355638246071688,-0.16146653462814156,0.13472909619040088,-0.057668360589310866,0.038314665179681476,0.06764462110064201,0.2666139518736784,0.15321693345606535,0.02476567747552126,0.25734845881865964,0.11309732061512805,0.27590567855440956,0.2970843390697277,0.4016240427124934,0.09390999116996561,0.5469507946922003,-0.0671015952179187,0.21679253975954918,0.27033027319077624,0.08354763263310125,0.18479655554753052,0.33635657136174174,0.3059050321951907,0.34412239842138537,0.31682315367183184,0.32974333377009485,0.10044324730648896
OutDeg_RedeConfianc,-0.015544164120998197,-0.023967069697366915,-0.03350308360149412,0.2520404979335694,-0.08836279750850796,0.050400528481515654,0.19331561837650646,0.12919059757997794,0.16396024931750577,0.1872379772382942,0.08762211695612745,0.06682856532306801,0.056017254389687,1.0,0.15554042448238756,-0.019961046675553692,-0.09092543502379613,-0.031228432927858322,-0.0592719112545685,-0.03827197923344983,0.11093224931695132,-0.19171176599461198,0.0873357946974905,-0.03813958817544006,0.2583107260966685,-0.06308362683854396,0.18933319258134032,-0.2812938942421547,0.07576163722523536,-0.1581384211790196,-0.10713526680726586,0.04198777796277793,0.0003312154621848322,0.18524998201277423,0.1002441491563018,0.061296229342243665,-0.027179818942589435,0.2304086479213362,0.19279152044262735,0.08243366905622684,0.08075146306350044,0.12502598603102094,0.15405478091510164,0.13029629936951756,0.1095938796327935,0.1518750062194991,0.2525824627566177
Indeg_RedeConfianc,0.24047792293509201,0.2447582720756842,0.23780219813307196,0.33654074685568386,0.17101523435820323,-0.06100457610579839,0.35997495500272864,0.17492131607443745,0.37126498495298954,0.1881561649467855,0.4721047144004496,0.3199011207392199,0.3532928631379758,0.15554042448238756,1.0,0.007436537342998373,-0.030045596727355846,0.10621968570706555,0.013344614394644343,0.13437346216467108,0.12479284507687866,-0.1359264856527436,0.014184326357364063,-0.21589149861857163,0.3908004785933859,-0.13885247806459614,0.2922668379599076,-0.06363152008738014,0.4024129302894951,0.0668837271735739,0.07222752535861618,0.2722509191467518,0.4699874100025189,0.7888971533162655,0.6492209705495653,0.4241915722387441,-0.030923535065748926,0.6455966123554202,0.8418455329732702,0.6090237552743659,0.6038306349970151,0.8592595827632928,0.8563491720227416,0.6849487413274579,0.8660820147930209,0.8697495803242337,0.22188817433756752
Degree_RedeConflitA,0.3704810391060596,0.42090466204036975,0.2965896585046668,0.04260766785501349,-0.07962761628695031,-0.02244566936215097,0.01629431826411609,0.03133876107101358,-0.01462106952110384,0.05571251474480416,-0.08042215679145705,-0.040261914946662085,-0.050301904279865965,-0.019961046675553692,0.007436537342998373,1.0,0.5126959555693243,0.19732492429620488,-0.08086454970510479,-0.08209562904133398,0.2401779077483766,-0.1341066145872655,-0.11163340674158743,-0.0666760827255029,0.025054202050440018,0.10531664241458145,0.07466644091813139,-0.05052133275450228,0.20404103352716066,-0.014199192724310025,-0.030168845047894743,0.17493016287166066,0.008141676607451367,0.051261286175375696,-0.011046222480882158,0.014766759109550543,-0.002020502476294725,-0.0911356238761317,-0.0016610641956153888,-0.010981223424038258,0.16245548014456487,0.002534216580922066,-0.03758570504398229,-0.016629413263391686,-0.00404233117213029,-0.020619072908669333,0.07476592267719537
Degree_RedeConflitG,0.24638592205396298,0.27330071002068457,0.20621016260510255,0.1878663367646061,0.2620882825865385,0.02025182881308064,0.09408911037094866,-0.041279511600317474,-0.09331138241808676,-0.013939635795334152,-0.04979723976466428,-0.07302717614016818,-0.07043794126690531,-0.09092543502379613,-0.030045596727355846,0.5126959555693243,1.0,0.2828900470865938,0.09265979173964033,-0.040495025736654575,0.13842414562751107,-0.1943330892873959,-0.0717525886561656,-0.06806233423584475,0.18193991158061948,-0.0780433397521923,0.12737749204352897,-0.021809775926611964,0.09553784773368615,0.03946038659206349,0.05180976421646493,0.059414532396340536,-0.0207008791289497,0.05067846214280214,-0.044901268874241305,0.03929771357801054,-0.06251016247153138,-0.1034947333468134,-0.09104284760199668,-0.04365599518971778,0.0265096335839547,0.011949923501112205,-0.01534635044427535,-0.00717882441518287,0.002644477540719407,-0.004017265226191611,0.22826515237869546
OutDeg_VendaParcela,0.2253624327614775,0.25828028294604755,0.2613840749858711,0.0384480376898046,0.049422529754479076,-0.10573022209394203,0.044801914450852846,-0.039200642994570524,0.13576947935912237,0.06906660413909715,0.19961469218876535,-0.0005330806968601109,0.07640974459621079,-0.031228432927858322,0.10621968570706555,0.19732492429620488,0.2828900470865938,1.0,-0.20647362564586202,-0.13284974871893604,0.3988221705166677,-0.20979796132489448,-0.03497198133208508,-0.3350747871816878,-0.0020320256714319077,0.19847801175003754,0.2615760275574134,-0.06359752265175363,0.08260828222453477,0.10165655672907188,0.10600696094457741,0.10096046931994146,-0.06290374419202738,0.10805275343110024,0.11338436582172967,0.16658601717108343,0.05888387022384357,0.009858989673072562,0.1340943418121,0.14571461507363523,0.1290687703858314,0.08511649037490875,0.04770657363624377,-0.015088448474527213,0.07554920216458665,0.07241508074846241,0.2596403511022295
Indeg_VendaParcela,-0.12840433561512254,-0.12459256441387542,-0.12532890369851987,0.03429939486959155,0.04182670284410088,0.14728942756179825,-0.08284422723265246,-0.08776817417392956,0.10659497820924435,0.02279184961126309,0.15194893128130527,0.28945357953905687,0.15739839292925556,-0.0592719112545685,0.013344614394644343,-0.08086454970510479,0.09265979173964033,-0.20647362564586202,1.0,0.169090422731893,-0.013172435755558052,-0.22370486070887274,0.05465340973681632,0.3525157814770618,0.0043415892725642115,-0.11109767008491137,0.05907262246692058,0.07822939763681662,0.07644937471348551,-0.01984901094427778,0.004195580262418717,0.08791552609586706,0.04542496383313084,0.025641921222071748,-0.06875137732268082,0.3203559834497905,0.13407329463540354,0.07884199950823464,-0.04869476715335548,-0.07212561062763062,0.04050316589284472,0.02377841136442975,-0.0021414199266095585,0.044051133595297165,-0.006281060449308012,0.004262171978842924,-0.09835495900299358
OutDeg_EmprestParce,-0.06342102766349259,-0.06153833074642114,-0.05601457826962011,0.07082645987715105,0.06280344294559359,0.028458553599066867,0.020096153846153975,-0.09798038625126372,0.13984729971413756,0.12259010242111891,0.10006312588502767,0.18562956873459635,0.10509695426457835,-0.03827197923344983,0.13437346216467108,-0.08209562904133398,-0.040495025736654575,-0.13284974871893604,0.169090422731893,1.0,-0.13161836154020473,-0.09984543506002479,0.2239558707957101,0.22151618712018808,0.025001300035991516,-0.15829400132693258,0.0870612532889568,0.16952663346720034,-0.022169592014172866,0.05524510292618811,0.08230722629749673,0.014039460833265375,0.15743154724729433,0.060166469913785166,0.08596300082233813,0.07939500437189852,0.1714602103855509,0.18712231169561405,0.066529968221769,0.06728298117708445,0.07692058783050461,0.26979211035485945,0.2042562929163107,0.277866966326354,0.23329480753350101,0.22445537408947916,-0.09948352603791545
Indeg_EmprestParce,0.1741756753282421,0.22836979133219154,0.21533406618998263,0.022770147047463638,0.028860353539421957,-0.041838389033100956,-0.07974839624890212,0.031192762240832384,0.0781341701986114,-0.008379212302747796,0.17614946365539147,0.18080754469728152,0.16355638246071688,0.11093224931695132,0.12479284507687866,0.2401779077483766,0.13842414562751107,0.3988221705166677,-0.013172435755558052,-0.13161836154020473,1.0,-0.158508974596669,0.09503438434080912,-0.15861833389374638,0.0003120509567083988,0.14834447073997176,0.28166797955964257,-0.029744674860302817,0.07903561675212101,0.000709400319258465,0.014132951953863717,0.040157275929950956,-0.09282981602879067,0.11575951486673491,0.1221493427563909,0.28811952451296,0.021386717657254358,0.12008872605752947,0.10669068657021846,0.15624036698263238,0.029711394184460366,0.11351783278214879,0.050354237895474954,0.02671205184871336,0.10281240466915449,0.08815439624603907,0.2707610768573621
PC1_Distance_Pro,-0.27518424221491145,-0.26360894603987783,-0.25551659189431686,-0.18840176800345027,-0.034282907698905234,-0.06251330653428722,-0.1457876475916592,-0.04737134155132374,-0.13903109540689879,-0.08409006887655254,-0.1689650916847041,-0.2568755025976358,-0.16146653462814156,-0.19171176599461198,-0.1359264856527436,-0.1341066145872655,-0.1943330892873959,-0.20979796132489448,-0.22370486070887274,-0.09984543506002479,-0.158508974596669,1.0,0.03412503736141878,-0.33617509791562095,-0.19870883806554443,-0.036845271699875795,-0.38832541678098365,0.01736747307013319,-0.12071705245672112,-0.16365996708437533,-0.11136419035267989,-0.15431893274638855,-0.013747260426699656,-0.2171137879991622,-0.09296349598168821,-0.24020196191233084,-0.0078096246884972595,-0.12183391415047361,-0.11595578513996285,-0.0713445501936254,-0.1758059820562167,-0.20996667944279118,-0.15597661656495942,-0.14204207072556968,-0.18376493596990665,-0.18802673623338703,-0.24491651223125727
PC2_Distance_Pro,-0.1015617175693351,-0.09743590730221686,-0.08290275439650469,0.05865677673784077,0.04162283234160952,0.0020397787892507675,0.022465715328373555,0.12986240761286358,0.037140701200935586,-0.0594560133555237,0.10448308111654189,0.27149218198017655,0.13472909619040088,0.0873357946974905,0.014184326357364063,-0.11163340674158743,-0.0717525886561656,-0.03497198133208508,0.05465340973681632,0.2239558707957101,0.09503438434080912,0.03412503736141878,1.0,0.07779449541931394,0.10806585195126345,0.08949172625564403,0.4291536983524782,-0.037206542980558595,-0.0859842469478485,-0.009779894918128673,0.022652872371458858,-0.020842627158359592,-0.01111254595479895,0.00849213753313145,-0.09128957833829078,0.09706328086448432,0.11583583794389311,0.09687075188211,-0.004401092400918342,-0.09193012399405491,0.08487780473019904,0.08187017930085853,0.07955253665597743,0.2719831396199209,0.04867562699682668,0.07706190771058058,-0.03192468456466034
Avg_Distancia_Dist_moranza,-0.10554765849732307,-0.11935372173579477,-0.11438201300436036,-0.14014525340615075,-0.09800353803943881,-0.09588369850754301,-0.06227561386032755,-0.013947957634740257,-0.05906673390463389,0.02398635574864322,-0.1767703408617636,-0.0018665438052438564,-0.057668360589310866,-0.03813958817544006,-0.21589149861857163,-0.0666760827255029,-0.06806233423584475,-0.3350747871816878,0.3525157814770618,0.22151618712018808,-0.15861833389374638,-0.33617509791562095,0.07779449541931394,1.0,-0.14858044998939535,0.021384726512408216,-0.3074306738329012,0.2120816426973366,-0.17754964520243882,0.08210261756388862,0.10046423399491702,-0.09908554906013138,-0.031559693939441975,-0.16456169023875247,-0.09468715648480934,-0.2446234250859525,0.30174399134882046,-0.10222984238472958,-0.15672760596250063,-0.08655221888092471,-0.2122243353774991,-0.18657551195184313,-0.20796188173564992,-0.16261336003918184,-0.19334916694986823,-0.20825271562770736,-0.16246876421648995
Degree_RedeTotFamil,0.1093168174137697,0.1060716723457809,0.0922924280438132,0.811783357330951,0.23277216921661598,0.11884892654445774,0.7049972606853862,0.547000437422566,-0.026021546769885388,-0.03059716161009422,0.08812198902879732,-0.0018979674374405271,0.038314665179681476,0.2583107260966685,0.3908004785933859,0.025054202050440018,0.18193991158061948,-0.0020320256714319077,0.0043415892725642115,0.025001300035991516,0.0003120509567083988,-0.19870883806554443,0.10806585195126345,-0.14858044998939535,1.0,-0.3267471767583013,0.29853399783049794,-0.24618863998891585,0.21040015144019217,-0.1292076959964149,-0.09326945993947733,0.09742369453238917,0.13067674438827453,0.31991305865382275,0.4208736728262647,0.11270494044289137,-0.11417323849135172,0.2581932000818667,0.3251347162164605,0.4049236826616309,0.15327650267689213,0.40931691922031704,0.3526293222847882,0.17519672207582324,0.3922852963003679,0.38292443206561344,0.212898700792861
1_VarExp_Moranca,0.05695160640818438,0.0502802330082161,0.06983288150141848,-0.285034974661451,-0.16526050777863655,-0.132653295870221,-0.22121548732662566,-0.062395029223872356,-0.022509786314379505,0.0053619717461398245,-0.04406160486456588,0.08410298490279285,0.06764462110064201,-0.06308362683854396,-0.13885247806459614,0.10531664241458145,-0.0780433397521923,0.19847801175003754,-0.11109767008491137,-0.15829400132693258,0.14834447073997176,-0.036845271699875795,0.08949172625564403,0.021384726512408216,-0.3267471767583013,1.0,0.008680548012221342,-0.03824895150033528,-0.0562686671535492,0.060351258035485515,0.07377938262987915,-0.007850912064088002,-0.17949849287482986,-0.1313949780660364,-0.1707329018253772,0.07337627289996604,-0.04246667537819451,-0.027227144793002703,-0.18077325253010218,-0.15700947962680115,-0.12964390769764156,-0.19596354357255266,-0.20058877111519122,-0.1678635115275021,-0.20489907405742516,-0.20171332625282007,-0.03910616093805192
2_VarExp_Atri_Tabanca,0.18955112600586804,0.2151223529028442,0.18902769761261348,0.326003518765383,0.14503557687531962,0.13626838340444988,0.1302220809206786,0.014380513549823991,0.17068354145218556,-0.0066053510679455535,0.34012654129228337,0.3882861042852066,0.2666139518736784,0.18933319258134032,0.2922668379599076,0.07466644091813139,0.12737749204352897,0.2615760275574134,0.05907262246692058,0.0870612532889568,0.28166797955964257,-0.38832541678098365,0.4291536983524782,-0.3074306738329012,0.29853399783049794,0.008680548012221342,1.0,-0.07590036433036812,0.12260455078548924,0.09281048286545697,0.026269391094307547,0.19676250763668945,-0.06901019307301932,0.27683768768976286,0.11301679171181957,0.4473378399172034,0.07131017594319872,0.24696291106940146,0.1921431362180836,0.0949788256998852,0.35422966288201263,0.3673024853629202,0.32823450310968444,0.377869093196784,0.33391953698821597,0.3555889593467674,0.3148765067477159
3_VarExp_Atri_Fanado,-0.09776727618048839,-0.0948649872041552,-0.10702932020613184,-0.25321175247003147,0.21690335788420007,-0.1243504821438245,-0.17416444008708287,-0.13031364768755757,0.008515509575635407,-0.026192859243575756,0.001192204971859054,0.028213365340846633,0.15321693345606535,-0.2812938942421547,-0.06363152008738014,-0.05052133275450228,-0.021809775926611964,-0.06359752265175363,0.07822939763681662,0.16952663346720034,-0.029744674860302817,0.01736747307013319,-0.037206542980558595,0.2120816426973366,-0.24618863998891585,-0.03824895150033528,-0.07590036433036812,1.0,-0.10627242216905387,0.5677154448799273,0.41685771828075496,0.10463207716708489,0.0829174232850289,-0.083308918182835,-0.11942127423358165,0.0551537163468222,0.13609690754371817,-0.10503283479992324,-0.1262264007942598,-0.10207578943953803,-0.10825349927980937,-0.09609335581346919,-0.11306954708436885,-0.020207694836396194,-0.11342996333970518,-0.10507928162547213,-0.05695449089851023
4_VarExp_Atri_CargosWM,0.1468307746128428,0.1747723326983251,0.1448295261251616,0.18377689218772508,0.08571184146700424,-0.07138431173386117,0.26946263977752977,0.065921579364849,0.0915296596700861,-0.01778809503974217,0.2265380265449071,0.03993062833483383,0.02476567747552126,0.07576163722523536,0.4024129302894951,0.20404103352716066,0.09553784773368615,0.08260828222453477,0.07644937471348551,-0.022169592014172866,0.07903561675212101,-0.12071705245672112,-0.0859842469478485,-0.17754964520243882,0.21040015144019217,-0.0562686671535492,0.12260455078548924,-0.10627242216905387,1.0,0.04255660826117004,0.0618417485726699,0.23121699644720045,0.3278051279469476,0.4214572115674733,0.48053410772885163,0.2903682895802964,0.02227905876120573,0.16647450009696746,0.46049850475383336,0.39921315460079443,0.3011357099333756,0.4681846562256493,0.4426696193996593,0.3622424905675396,0.436616086548826,0.4600388795459102,0.09503817844305686
5_VarExp_Atri_Idade,-0.046585946242759455,-0.037825909535998924,-0.046289991134677085,-0.07325914120057535,0.22597681961444724,-0.18184920782452807,-0.06603059334069375,-0.1549953202527256,-0.012090740567627862,-0.12819692046995465,0.08823442145420131,0.14783704372285544,0.25734845881865964,-0.1581384211790196,0.0668837271735739,-0.014199192724310025,0.03946038659206349,0.10165655672907188,-0.01984901094427778,0.05524510292618811,0.000709400319258465,-0.16365996708437533,-0.009779894918128673,0.08210261756388862,-0.1292076959964149,0.060351258035485515,0.09281048286545697,0.5677154448799273,0.04255660826117004,1.0,0.8326969181593578,0.06094409304932665,0.1836312834213129,0.09627799840413134,-0.012452063608030198,0.10699466787390559,0.18309042372961523,-0.0403403356976454,0.04556247223228746,-0.016654596698712335,0.03616104147717952,0.07252177695263808,0.06121326108717364,0.07981508297207592,0.06106377688625981,0.07199456937669646,0.060220580413673626
6_VarExp_Atri_ClassIdade,-0.02462290262335081,-0.023891954788441843,-0.007826035670759832,-0.06558286374337083,0.12256496006603183,-0.10693730530586916,0.0024547020291005406,-0.11187801929414017,0.010574333786701147,-0.02366990794172781,0.04985903062153466,0.0984486414155169,0.11309732061512805,-0.10713526680726586,0.07222752535861618,-0.030168845047894743,0.05180976421646493,0.10600696094457741,0.004195580262418717,0.08230722629749673,0.014132951953863717,-0.11136419035267989,0.022652872371458858,0.10046423399491702,-0.09326945993947733,0.07377938262987915,0.026269391094307547,0.41685771828075496,0.0618417485726699,0.8326969181593578,1.0,-0.046887296048461244,0.15923328582287916,0.09057002885633192,0.04895046214462283,0.03635549860006162,0.21276491831549285,0.030882447362416965,0.06076051886608444,0.038399835112726675,0.03509070720335804,0.10447966120270558,0.07755728630806469,0.07210264328552292,0.07601739582245023,0.09067603855938369,0.030641388089152694
7_VarExp_Atri_IndForcaFugon,0.069132672586258,0.06708042155308881,0.010122792955214352,0.0025490415059272894,0.0997655116686274,-0.012089777584468496,0.04709586833725365,0.14509268475753484,0.32931414279303267,0.10506549203671307,0.3526738968907252,0.1765530550832038,0.27590567855440956,0.04198777796277793,0.2722509191467518,0.17493016287166066,0.059414532396340536,0.10096046931994146,0.08791552609586706,0.014039460833265375,0.040157275929950956,-0.15431893274638855,-0.020842627158359592,-0.09908554906013138,0.09742369453238917,-0.007850912064088002,0.19676250763668945,0.10463207716708489,0.23121699644720045,0.06094409304932665,-0.046887296048461244,1.0,0.1356011102460137,0.325889110242121,0.34018634692995847,0.42966758714951986,-0.2264170652761893,0.14810823631004288,0.31425005171200426,0.35287891211631717,0.17168301381091333,0.27498987190523794,0.1943764026018526,0.17486388859689925,0.24971617006163838,0.23978392511944055,0.06467337032216554
8_VarExp_Atri_IndInvestDiq,0.12316292477916273,0.1351340881089301,0.11768249928957851,0.08254007844296186,0.27207804080267667,-0.09953096653793912,0.1437771302180019,0.02124740361571732,0.2535205898917201,0.05113049227906948,0.29337765967858087,0.2313214326993796,0.2970843390697277,0.0003312154621848322,0.4699874100025189,0.008141676607451367,-0.0207008791289497,-0.06290374419202738,0.04542496383313084,0.15743154724729433,-0.09282981602879067,-0.013747260426699656,-0.01111254595479895,-0.031559693939441975,0.13067674438827453,-0.17949849287482986,-0.06901019307301932,0.0829174232850289,0.3278051279469476,0.1836312834213129,0.15923328582287916,0.1356011102460137,1.0,0.533880181435801,0.28310086713612614,0.2735987316199655,-0.08077550695909964,0.39237518482411116,0.4542048820562242,0.23566847811236924,0.3661749450709629,0.5016094667226946,0.4940481437381133,0.5019817364327973,0.48461520338980646,0.5080179092063646,0.10141442646689768
9_VarExp_Atri_IndMelhorTecnDiqCint,0.1963339945675589,0.21078871637306995,0.19652919440513442,0.31476152096649324,0.15473675569130302,-0.06437439451682574,0.3100968586949942,0.07816392556488706,0.31216062271930134,0.06281080483106703,0.45478795477927764,0.30556808053812257,0.4016240427124934,0.18524998201277423,0.7888971533162655,0.051261286175375696,0.05067846214280214,0.10805275343110024,0.025641921222071748,0.060166469913785166,0.11575951486673491,-0.2171137879991622,0.00849213753313145,-0.16456169023875247,0.31991305865382275,-0.1313949780660364,0.27683768768976286,-0.083308918182835,0.4214572115674733,0.09627799840413134,0.09057002885633192,0.325889110242121,0.533880181435801,1.0,0.5202634864285459,0.4153130821390583,-0.0495036496386783,0.5500848031526425,0.8373527129282796,0.4376465302675471,0.610272537412167,0.7821716853995604,0.7780764414540667,0.6878854494768678,0.7597187380143053,0.794611226526374,0.17811754278889227
10_VarExp_Atri_MelhorTecnTubos,0.1651633407985522,0.16026035319348614,0.154173898982184,0.3138679551647618,0.11487568914311339,-0.06769813102789014,0.3483316565217833,0.3071922319985749,0.1839479756165172,0.12176857415362116,0.2279771831563807,0.045125042122497704,0.09390999116996561,0.1002441491563018,0.6492209705495653,-0.011046222480882158,-0.044901268874241305,0.11338436582172967,-0.06875137732268082,0.08596300082233813,0.1221493427563909,-0.09296349598168821,-0.09128957833829078,-0.09468715648480934,0.4208736728262647,-0.1707329018253772,0.11301679171181957,-0.11942127423358165,0.48053410772885163,-0.012452063608030198,0.04895046214462283,0.34018634692995847,0.28310086713612614,0.5202634864285459,1.0,0.180427890352474,-0.03195677278035988,0.27460998052357394,0.7642919340507368,0.9816263811570319,0.33450927611845044,0.716313828438753,0.6278883066452422,0.33627803992437794,0.6948108994896859,0.6783240771326686,0.21535836357811708
Area_bolanha,0.21051877855059806,0.2239443201783965,0.21226134578895955,0.10182966226713472,0.18754610160649104,0.006187352483461682,0.08029825718609987,-0.023229417988051275,0.31157170937592216,0.0730681635720284,0.458251376063949,0.5712222015791832,0.5469507946922003,0.061296229342243665,0.4241915722387441,0.014766759109550543,0.03929771357801054,0.16658601717108343,0.3203559834497905,0.07939500437189852,0.28811952451296,-0.24020196191233084,0.09706328086448432,-0.2446234250859525,0.11270494044289137,0.07337627289996604,0.4473378399172034,0.0551537163468222,0.2903682895802964,0.10699466787390559,0.03635549860006162,0.42966758714951986,0.2735987316199655,0.4153130821390583,0.180427890352474,1.0,-0.07686931410424647,0.41667261858069293,0.27938217312919394,0.15840980132675286,0.37991275644996936,0.4394790783963885,0.41742410201979624,0.4518850701496201,0.42054278036922577,0.43799795528285684,0.19036438426134605
Degree_Rede_EntreajudaLabur,0.023779225235225392,0.05109647016871762,0.03926028409774388,-0.09872136101709485,0.01763764899491277,-0.06872393988661483,0.11753430209810768,-0.14473899066825033,0.022600276974840888,0.07073434037878176,-0.03559998146803046,-0.013120854653241887,-0.0671015952179187,-0.027179818942589435,-0.030923535065748926,-0.002020502476294725,-0.06251016247153138,0.05888387022384357,0.13407329463540354,0.1714602103855509,0.021386717657254358,-0.0078096246884972595,0.11583583794389311,0.30174399134882046,-0.11417323849135172,-0.04246667537819451,0.07131017594319872,0.13609690754371817,0.02227905876120573,0.18309042372961523,0.21276491831549285,-0.2264170652761893,-0.08077550695909964,-0.0495036496386783,-0.03195677278035988,-0.07686931410424647,1.0,0.01276275371117964,-0.039153360915731225,-0.03462589513041611,0.020240888998793123,-0.05572077963287622,-0.05396709438041988,-0.033481461626328306,-0.062396341038589744,-0.05997627032773875,-0.04312504963045223
OutDeg_Var.Dep_RedeControlExtAusencia,0.15100228421377462,0.14651967733347554,0.1554615469410302,0.21908593612286917,0.1355244401603498,-0.047109897502975354,0.14810931527115426,0.16834719709669466,0.47233620321192704,0.2291653022526523,0.5289810467941578,0.34023500394927647,0.21679253975954918,0.2304086479213362,0.6455966123554202,-0.0911356238761317,-0.1034947333468134,0.009858989673072562,0.07884199950823464,0.18712231169561405,0.12008872605752947,-0.12183391415047361,0.09687075188211,-0.10222984238472958,0.2581932000818667,-0.027227144793002703,0.24696291106940146,-0.10503283479992324,0.16647450009696746,-0.0403403356976454,0.030882447362416965,0.14810823631004288,0.39237518482411116,0.5500848031526425,0.27460998052357394,0.41667261858069293,0.01276275371117964,1.0,0.49702189141288955,0.2388113574991662,0.4529809365107722,0.5496817662882422,0.5655317357510604,0.5480475819120756,0.5549809806960827,0.5691920776249002,0.06733708404331554
OutDeg_Var.Dep_ApoioSpecDiqCint,0.1794635925224781,0.1831383185969447,0.17746600527059558,0.2714475167405215,0.12916658437153836,-0.09336589850234489,0.2959465719803892,0.18903245814399108,0.29974104993285333,0.0893272544119579,0.4060705359870011,0.22795382951175783,0.27033027319077624,0.19279152044262735,0.8418455329732702,-0.0016610641956153888,-0.09104284760199668,0.1340943418121,-0.04869476715335548,0.066529968221769,0.10669068657021846,-0.11595578513996285,-0.004401092400918342,-0.15672760596250063,0.3251347162164605,-0.18077325253010218,0.1921431362180836,-0.1262264007942598,0.46049850475383336,0.04556247223228746,0.06076051886608444,0.31425005171200426,0.4542048820562242,0.8373527129282796,0.7642919340507368,0.27938217312919394,-0.039153360915731225,0.49702189141288955,1.0,0.7080063494926814,0.5949481605961646,0.8044566717244301,0.7899300093507402,0.5961270003956549,0.7959343241161891,0.8104513827394502,0.17967582382528244
OutDeg_Var.Dep_ApoioSpecTubos,0.18557201334396398,0.18006318022837367,0.1751603329434338,0.2883250993337214,0.10299894967595888,-0.05635089218878127,0.3140484622103414,0.3278274623390858,0.1924158221513725,0.14636715491618316,0.22497277471106503,0.028276542654127865,0.08354763263310125,0.08243366905622684,0.6090237552743659,-0.010981223424038258,-0.04365599518971778,0.14571461507363523,-0.07212561062763062,0.06728298117708445,0.15624036698263238,-0.0713445501936254,-0.09193012399405491,-0.08655221888092471,0.4049236826616309,-0.15700947962680115,0.0949788256998852,-0.10207578943953803,0.39921315460079443,-0.016654596698712335,0.038399835112726675,0.35287891211631717,0.23566847811236924,0.4376465302675471,0.9816263811570319,0.15840980132675286,-0.03462589513041611,0.2388113574991662,0.7080063494926814,1.0,0.2637382974453796,0.6437143295210948,0.5428001248228345,0.2543779790237298,0.6204132392318606,0.6005869098963282,0.21297922531180105
